time,x,y,z,phi,theta,psi,x_velocity,y_velocity,z_velocity,phi_velocity,theta_velocity,psi_velocity,rotor_speed1,rotor_speed2,rotor_speed3,rotor_speed4
0.02,0.0,0.0,10.0003274152,7.37032952003e-07,1.59370603443e-05,0.0,0.0,0.0,0.0327415219493,-0.0012141111579,-0.0056457170217,0.0,436.8894733108193,435.4752721531419,436.63641466777534,436.3325012610589
0.04,-3.60332564278e-08,1.66641129407e-09,10.0012812182,4.30312235027e-05,6.28308879659,0.0,-3.60332564278e-06,1.66641129407e-07,0.062638779819,0.0103250754433,-0.00467959634897,0.0,433.5136850680345,433.757207442845,432.14187983765,435.0496181177137
0.06,1.49736681637e-07,1.19960902233e-07,10.0032435811,0.000264346718002,6.28299526691,0.0,2.21803194493e-05,1.16628079645e-05,0.133597505394,0.0157682336503,-0.00432675759285,0.0,471.0811347438463,471.16304981728206,470.95227703978605,472.213261839371
0.08,1.03361310671e-06,9.65634308547e-07,10.0062702508,0.000590558812294,6.28291075693,0.0,6.62073230583e-05,7.29045326669e-05,0.169069470117,0.0111104613749,-0.00231421293877,0.0,438.519849368094,439.0210846905526,439.70531987715253,438.54630804760046
0.1,3.05962465038e-06,3.93343976643e-06,10.0102460573,0.000819124414822,6.28288074704,0.0,0.000136393831308,0.000223876013121,0.228511177747,0.0146759557391,-0.008019362037,0.0,461.32017127496334,459.96700459423175,461.14535535428996,461.9892401621199
0.12000000000000001,6.46194742867e-06,1.02249046817e-05,10.0150687726,0.00111264383563,6.28272049551,0.0,0.000203838446521,0.000405270478406,0.253760352059,0.0146512162192,-0.00749837207106,0.0,429.722970469006,429.85553131177204,428.59473441376076,428.588329815565
0.14,1.17434672361e-05,2.12141882053e-05,10.0207738898,0.0014509164823,6.28258952066,0.0,0.00032431353422,0.000693657873949,0.31675136549,0.0241641886558,-0.013661584003,0.0,464.6082988560421,463.1567504594509,463.6560415947966,465.89228285865534
0.16,1.98496837186e-05,3.90323911792e-05,10.0278659178,0.00194199920378,6.28232416256,0.0,0.000486308114031,0.00108816242345,0.392451438413,0.0202147713916,-0.00969331448416,0.0,475.3429653934255,476.2543621049498,475.86852730057427,474.9608893859756
0.18,3.19954525109e-05,6.62521790953e-05,10.036562697,0.00240768332675,6.2821375093,0.0,0.000728268765203,0.00163381636816,0.477226479785,0.00913427545151,-0.0134914788038,0.0,483.8431037799082,482.984765462891,484.88266154274845,482.3792859470654
0.19999999999999998,4.86335612016e-05,0.000103691331909,10.0461234009,0.00259040346478,6.28187283167,0.0,0.000935542103859,0.00211009891322,0.478843910883,0.00939744461149,-0.0102815087752,0.0,406.05819407719633,406.92112347055553,405.14205048831366,405.21290594628476
0.21999999999999997,7.1254802855e-05,0.000153611162473,10.0567176754,0.00280139250376,6.28170970053,0.0,0.00132658206148,0.00288188414319,0.580583538755,0.00260919789496,-0.0195009481174,0.0,498.73905779319654,496.71531072540205,498.9414700516921,497.45256275303166
0.23999999999999996,0.000101258490789,0.000217840397457,10.0687202982,0.00285655343591,6.28134138956,0.0,0.00167378673194,0.00354103935519,0.619678734504,0.00504926930839,-0.0129118669351,0.0,441.4724062520129,443.1002318867901,442.7608279992086,443.36252325303656
0.25999999999999995,0.000138651528573,0.000294729750392,10.0812763083,0.00296482287046,6.28108315708,0.0,0.00206551704643,0.00414789593832,0.635922281771,0.00886608693223,-0.0128132741456,0.0,420.79736777845255,420.82307608421297,420.1111829032663,421.1026200169348
0.27999999999999997,0.000184543268175,0.000384149127034,10.0942121293,0.00314528068043,6.28082823118,0.0,0.00252365691383,0.00479404172587,0.657659820687,0.0113705115444,-0.0111764641801,0.0,425.43504417553663,425.8553298695955,426.2821595908798,426.92349311294794
0.3,0.000240054819833,0.000486753165779,10.1075408824,0.00337970987742,6.28060621854,0.0,0.00302749825196,0.00546636214864,0.675215481813,0.0076237886813,-0.0129180989308,0.0,421.83958708927406,421.3883447499353,422.97346866002863,422.00436927579733
0.32,0.000306657155725,0.000604011536173,10.1214298854,0.0035513177291,6.28039300117,0.0,0.00363273533725,0.00625947489074,0.713684822623,0.00143798589454,-0.00341603486197,0.0,441.352584631325,443.6988696701999,442.63512212590035,441.10539775438616
0.34,0.000386790670115,0.00073871265834,10.1364199248,0.00359583442776,6.28038086624,0.0,0.00438061610173,0.00721063732601,0.785319119119,-0.00417574383933,-0.0140165785166,0.0,474.018957883183,471.56919855932944,472.66280048613123,471.36326734126095
0.36000000000000004,0.000480131291229,0.000890270095244,10.1522068777,0.00352188147219,6.28011515934,0.0,0.00495344600969,0.00794510636436,0.793376171072,0.000197337732679,-0.00860831200401,0.0,411.4759513769891,412.9096926566124,412.77342729349766,413.92948967762044
0.38000000000000006,0.000585810941366,0.00105675551197,10.1682656189,0.00353027051202,6.27995370198,0.0,0.00561451900402,0.00870343530822,0.812497942608,-0.00278336190964,-0.00398037919005,0.0,422.5369740389496,423.73215735047876,424.81869687009817,424.0513469405024
0.4000000000000001,0.000706274009309,0.0012397520677,10.1850825527,0.00348017521287,6.27987560288,0.0,0.00643178779027,0.00959622026466,0.869195441218,-0.00612160667098,-0.00571732122196,0.0,459.64609532376426,459.2330863791507,459.3683572515979,458.57369148028806
0.4200000000000001,0.000842486460361,0.00143964323664,10.2027936928,0.00339564505438,6.27976411443,0.0,0.00718945731486,0.0103928966293,0.901918569286,-0.0148281530505,-0.00810812531263,0.0,438.1454381278122,437.54890291980234,437.33481359420523,435.15418725103984
0.4400000000000001,0.000994227470059,0.00165539343954,10.2211943595,0.00309909772781,6.2796706511,0.0,0.00798464365497,0.0111821236611,0.938148103484,-0.0146507583704,0.0036135796171,0.0,439.03630261616325,441.944059554851,440.33593933940756,440.3800593771448
0.46000000000000013,0.00116366570265,0.00188762875113,10.2407681026,0.00280877861692,6.27975535524,0.0,0.00895917960423,0.0120414074981,1.01922620145,-0.0123286659852,-0.00137291143899,0.0,481.4571236414336,480.32404266966125,480.7766248680949,481.304201438874
0.48000000000000015,0.00135158987508,0.00213561423251,10.2617389556,0.00258905687553,6.2797337827,0.0,0.0098332376383,0.0127571406397,1.07785910198,-0.0196569097468,0.00205803296867,0.0,461.4578556440716,462.2695715835134,461.5918519201391,459.85398494884157
0.5000000000000001,0.00155620614331,0.00239672128309,10.2836379387,0.00223734114795,6.27984175761,0.0,0.0106283891853,0.0133535644181,1.11203920196,-0.0105549904599,0.0136178120625,0.0,437.1923912805025,440.07200219892866,437.858031368931,440.12358658251924
0.5200000000000001,0.00177749340852,0.00266962681099,10.3065246225,0.00207636073026,6.28011597989,0.0,0.011500337335,0.0139369883723,1.17662918137,-0.0205669224919,0.0116859553403,0.0,466.84845139779435,466.3959506417928,468.16303776982954,465.8205634063513
0.5400000000000001,0.00201503299893,0.00295346202601,10.3305495172,0.00166645618227,6.28037978029,0.0,0.0122536217068,0.0144465331288,1.22586029335,-0.0222603815845,0.00392949991422,0.0,454.89849300637877,453.03141098739053,452.3444315477046,451.9352000589264
0.5600000000000002,0.00226621216354,0.00324601953191,10.3552815177,0.00122321181647,6.2804985102,0.0,0.0128642947534,0.0148092174615,1.24733975685,-0.0242419294079,-0.00503040115444,0.0,427.7985478433738,425.5037686272635,427.4732620120054,426.9664016152331
0.5800000000000002,0.00253071930398,0.00354549086288,10.3809541342,0.000781698516612,6.28041539384,0.0,0.0135864192913,0.0151379156355,1.31992188802,-0.0335505585556,-0.0109450702155,0.0,475.114505031737,473.7523721176801,474.93889746172664,472.7923933309332
0.6000000000000002,0.00280825529677,0.00384988736782,10.4074874009,0.000113130893831,6.28020181166,0.0,0.0141671799873,0.0153017348588,1.33340478175,-0.0313398806821,-0.0142067349738,0.0,419.8170188880731,418.96733082026475,418.9397266315944,419.5154055721055
0.6200000000000002,0.00309779571377,0.00415615602474,10.4342706796,6.28267402502,6.27994673753,0.0,0.0147868617131,0.0153251308332,1.34492308893,-0.0291560489459,-0.00658301302853,0.0,416.1163727403743,418.1136245855099,417.38296336853324,417.95388134534795
0.6400000000000002,0.0034022109826,0.0044612873882,10.4618868717,6.28209104691,6.27985629213,0.0,0.0156546651701,0.0151880055127,1.4166961167,-0.0296905953447,0.00249606866093,0.0,472.42422357167646,474.5196214235104,473.90963747369415,473.7861787107039
0.6600000000000003,0.00372291365672,0.00476254483933,10.4905447184,6.28149734835,6.27990624233,0.0,0.0164156022415,0.0149377396008,1.44908856242,-0.0292144679219,0.00225596448186,0.0,438.03734021352574,437.9773898554856,437.7543580813213,437.8729032144617
0.6800000000000003,0.0040584192332,0.00505759496749,10.5197584409,6.28091615478,6.27995213335,0.0,0.0171349554063,0.0145672732151,1.47228368467,-0.0317027542311,0.00349832673886,0.0,429.57802415197426,429.89387711299,428.93414344086085,428.29949822794094
0.7000000000000003,0.00440829878333,0.00534389904455,10.5494631793,6.28028229293,6.28002236975,0.0,0.0178529996066,0.0140631344909,1.4981901521,-0.0323244259104,0.00276366289799,0.0,432.0343623981445,431.8484425007447,431.85859377778866,431.7008737854694
0.7200000000000003,0.00477368707941,0.00561751563042,10.5800982989,6.27964173168,6.28008398155,0.0,0.0186858300019,0.0132985240959,1.56532181291,-0.0357674678546,-0.000796825103485,0.0,471.2643741284083,470.43803919780214,469.44878470421196,468.6463590727889
0.7400000000000003,0.00515593725854,0.00587373311032,10.6121945777,6.27895556569,6.28012631343,0.0,0.0195391879111,0.0123232238943,1.64430606442,-0.043407279531,0.00999839437437,0.0,478.87846022734294,481.3354206532784,481.75901581237173,480.02260379100125
0.7600000000000003,0.0055539594228,0.00611018595284,10.6454852507,6.27808742244,6.28032938518,0.0,0.0202630285148,0.0113220603577,1.68476123298,-0.0433388105057,0.0124899256601,0.0,446.43643841688794,447.04573464708164,445.5390453765259,445.55479154621105
0.7800000000000004,0.00596765827366,0.00632156104157,10.6801734661,6.27731045589,6.2805821692,0.0,0.0211068565712,0.00981544851531,1.7840603123,-0.0299365974384,0.0100463605175,0.0,498.4288904582234,497.89276040119967,496.55259851843755,499.4923376151486
0.8000000000000004,0.00639731087215,0.00650090437331,10.7167801647,6.27671191629,6.28078985286,0.0,0.0218584032778,0.00811888465825,1.8766095462,-0.0305568481648,0.00637037107014,0.0,493.0022012046634,492.18662852477865,492.9006100414632,492.7629007470586
0.8200000000000004,0.00683997358717,0.00664842813348,10.7546446518,6.27611102435,6.28100449053,0.0,0.0224078682243,0.00663349135927,1.90983915882,-0.0350834406592,0.0195787209292,0.0,438.503584575261,441.782687646905,440.6612097488744,439.53697086244006
0.8400000000000004,0.00729394832256,0.00676222067108,10.7935475707,6.27541486388,6.28139727075,0.0,0.0229896053142,0.00474576240054,1.98045273683,-0.0317643029017,0.0211316556795,0.0,474.23570943326524,474.59333531058246,473.6857905831525,474.4504059454291
0.8600000000000004,0.00775824097406,0.006837568452,10.8337125317,6.27478383839,6.28182033045,0.0,0.0234396598364,0.00278901569179,2.03604335763,-0.0346834021433,0.0202079813842,0.0,460.4156715154512,460.1963764775031,462.2875727716659,461.5967317206866
0.8800000000000004,0.00823063573974,0.00687116767052,10.8751112695,6.27409647454,6.28230451058,0.0,0.0237998167313,0.000570906159859,2.10383042253,-0.0382342323887,0.00755725039925,0.0,473.94243030500616,471.01656032198395,472.3110306443581,471.48836594496026
0.9000000000000005,0.00870866313618,0.00686160367798,10.9175341822,6.27333676572,6.2824575848,0.0,0.0240029229123,-0.00152730541389,2.13846085314,-0.0350796098744,0.0095215371473,0.0,442.4875595165732,442.97227232032355,441.45325531752286,442.23272625013163
0.9200000000000005,0.00919043875284,0.00680778656852,10.9607040365,6.27263873503,6.28267131178,0.0,0.024174638754,-0.00385440553178,2.17852457272,-0.0324107111589,0.0163474058349,0.0,447.3811398229821,449.04517156465766,446.4636165681214,447.11584887902944
0.9400000000000005,0.00967547384301,0.00669900181709,11.0053176578,6.272026094,6.28301887262,0.0,0.024328870263,-0.00702406961152,2.28283755843,-0.040845543574,0.00992670115478,0.0,504.82634962696574,503.4344967587972,504.4363900170305,502.60561359272447
0.9600000000000005,0.010162432812,0.00653276289846,11.0513203606,6.27121601928,3.6507154233e-05,0.0,0.024367026632,-0.00959982225153,2.31743271937,-0.0371479372543,0.00695763121739,0.0,443.48323144857744,442.75091170278847,442.3956528643309,443.3071782098042
0.9800000000000005,0.0106497044774,0.00631906942264,11.0975195299,6.27048071783,0.000196562829275,0.0,0.0243601399102,-0.0117695253303,2.30248421132,-0.0410613224548,0.0134233950074,0.0,393.26374067483584,395.0562319989321,394.18238962083643,393.09515082090843
1.0000000000000004,0.011136421627,0.0060524683157,11.1440636134,6.26965983337,0.000550485010763,0.0,0.0243115750492,-0.0148905853641,2.35192414235,-0.0402342923469,0.000350194837527,0.0,458.99786010543113,455.8747147881052,456.0484547503653,456.24573932066636
1.0200000000000005,0.0116215167501,0.00572680780538,11.1911988645,6.26885819499,0.000603268226953,0.0,0.0241979372637,-0.017675465668,2.36160096182,-0.0377654997226,0.00991882268473,0.0,417.3671704488221,419.86500526884925,419.57278694616343,420.214354318072
1.0400000000000005,0.0121037061939,0.00533134955895,11.2393965418,6.26814275074,0.000802579069045,0.0,0.0240210071195,-0.0218703589742,2.4581667756,-0.0288362506811,0.0112858547971,0.0,498.0973559748314,498.39703588620415,496.9450989615277,498.9042048464264
1.0600000000000005,0.012581964068,0.00485347302099,11.2892879306,6.26757574479,0.00103065714601,0.0,0.0238047802875,-0.0259172948221,2.53097210149,-0.0332451196439,0.00911284719507,0.0,479.7759591579857,479.2806344815634,477.4451053896557,476.43477274914807
1.0800000000000005,0.0130554911097,0.00429627392231,11.3404341813,6.26691453852,0.00122025524742,0.0,0.0235479238819,-0.0298026150464,2.58365297051,-0.0305262513512,0.005281096287,0.0,460.60703355971845,459.6969410647703,460.9784601240132,461.6221415701523
1.1000000000000005,0.0135227821282,0.00365136438581,11.3931476957,6.26637450426,0.00133771676292,0.0,0.0231811779707,-0.0346883386032,2.68769846323,-0.0423998157206,0.000414970565957,0.0,505.48500889294405,504.4318533641337,506.7072372940759,504.13990654997355
1.1200000000000006,0.0139832772491,0.00291832514763,11.4472755599,6.26555375184,0.00137655106332,0.0,0.022868334118,-0.0386155852145,2.72508796192,-0.0497814003105,0.00822968605374,0.0,446.0928230496851,448.00308645067275,448.77532487418335,446.9732944600652
1.1400000000000006,0.0144370813145,0.00210042452896,11.5024006719,6.26455910691,0.00154253892929,0.0,0.0225120724217,-0.0431744766531,2.78742323188,-0.0511835988293,0.00655986876442,0.0,470.50108885084353,470.11297613876536,470.37273384097847,470.04545421126534
1.1600000000000006,0.01488413433,0.00119847558497,11.5582516809,6.26354618725,0.00172879729012,0.0,0.0221932291242,-0.0470204177459,2.797677677,-0.0465462901052,-0.00393403284963,0.0,423.76391515050625,421.0489336971291,421.03379042484835,422.23387730307473
1.1800000000000006,0.0153235189394,0.000207215199597,11.6148322104,6.26262222313,0.00165128633768,0.0,0.0217452318204,-0.0521056207911,2.86037527275,-0.0502776917578,-0.00240452014592,0.0,470.45488800972737,470.8101097546531,471.67234247421493,470.80589207140014
1.2000000000000006,0.0157547037045,-0.000881177513051,11.6723280384,6.26164604172,0.0016055502621,0.0,0.0213732446861,-0.0567336504737,2.88920752036,-0.0426131722328,-0.0045744636186,0.0,440.07920611248545,439.54008525152227,439.9251082156993,441.8233112558392
1.2200000000000006,0.0161785493816,-0.00206435959564,11.730401957,6.26080043359,0.00151581111073,0.0,0.0210113230242,-0.0615845577848,2.91818434757,-0.0389647981088,-0.00270357025025,0.0,441.0226360617277,441.4860635396676,439.56794224105477,440.47301506860316
1.2400000000000007,0.0165959005341,-0.00333846557252,11.788698123,6.26003614976,0.00146270392256,0.0,0.020723792226,-0.0658260399036,2.91143224887,-0.0444442372778,-0.00409225080024,0.0,405.48275922927,405.10837393857145,406.8049377583636,405.3293756248315
1.2600000000000007,0.0170075097554,-0.00470030578491,11.8469221311,6.2591492494,0.00138978158817,0.0,0.0204371299057,-0.0703579813351,2.91096856276,-0.0464364132241,0.000132126460647,0.0,412.22449626858116,413.3429529857323,411.568997835186,411.03838155869744
1.2800000000000007,0.0174135648227,-0.00615389464794,11.9051107797,6.25824229227,0.00139699027482,0.0,0.0201683768267,-0.0750009049679,2.90789629836,-0.0398377551899,-0.00288984555692,0.0,409.6507651734991,408.84379661338596,408.6810216147027,410.44025190668646
1.3000000000000007,0.0178136776211,-0.00771197227329,11.9636339087,6.25747674436,0.00136987131651,0.0,0.0198429030106,-0.080806857568,2.94441659282,-0.0477380322815,-0.0107228466201,0.0,447.9981087887174,446.08336598476586,449.56011048275985,447.6347743209207
1.3200000000000007,0.0182072799208,-0.0093891558912,12.0229342705,6.25652392281,0.00116170960212,0.0,0.0195173269593,-0.0869115042224,2.98561959528,-0.0457687196811,-0.00717454617957,0.0,452.6750861453149,453.5310007558523,451.35404041576817,451.8292515344442
1.3400000000000007,0.0185950390035,-0.0111867070002,12.0829091054,6.2556506706,0.00101838928304,0.0,0.0192585813117,-0.0928436066773,3.01186389158,-0.0365902469855,-0.00659041517435,0.0,438.9478977049847,439.0934107869214,437.0513881295399,439.3391478148936
1.3600000000000008,0.0189779561976,-0.0131044652223,12.1433950629,6.25491910882,0.000886648720983,0.0,0.0190331381024,-0.0989322155336,3.03673185491,-0.0358928728145,-0.0069584951324,0.0,437.15651303662975,437.0645953121007,437.7113296067578,437.88477158889174
1.3800000000000008,0.0193561328905,-0.0151622873874,12.2049680764,6.25420139595,0.000751095318539,0.0,0.0187845311822,-0.10685000098,3.12056950303,-0.0353551315523,-0.00426907132666,0.0,490.46091877658097,491.0598975846045,490.12193936537705,490.24138041461373
1.4000000000000008,0.0197299049582,-0.0173732355355,12.2679680613,6.25350959624,0.000668876720624,0.0,0.0185926755904,-0.114244813828,3.17942898175,-0.0298228767785,-0.00175398539638,0.0,468.62762564824015,469.2138419136674,468.9564218081067,470.24336684506187
1.4200000000000008,0.0200998542159,-0.019742520466,12.3324374407,6.25293138813,0.000634591959519,0.0,0.0184022501754,-0.122683679222,3.26750895879,-0.0358643042614,-0.00301489524385,0.0,495.2107757445571,494.93248527954296,495.1999065474153,493.8647113104918
1.4400000000000008,0.0204662432033,-0.0222750444331,12.398431027,6.25221540269,0.00058106619676,0.0,0.0182366485648,-0.130568717483,3.33184966729,-0.0374771590181,0.000665360757452,0.0,474.3103027561813,475.1575429793732,475.28232229509,474.91085325426064
1.4600000000000009,0.0208296986068,-0.0249544059048,12.4653004739,6.25148312333,0.000713950017881,0.0,0.0181088917879,-0.137367429693,3.35509502779,-0.0433531816832,0.0161299400257,0.0,436.2816205911673,440.1382753557378,438.18896557566774,436.7203417593992
1.4800000000000009,0.0211902011572,-0.0277760515044,12.5327830458,6.25061831366,0.00112969843623,0.0,0.0179413632561,-0.144797130259,3.39316216407,-0.0454763701214,0.0297790878261,0.0,450.4922016509733,453.79112725822006,451.8083142736345,451.29345054721375
1.5000000000000009,0.0215466101227,-0.0307416403097,12.6008219226,6.24971865781,0.00172976023268,0.0,0.0176995332891,-0.151761750279,3.4107255148,-0.0499196897989,0.0267857485778,0.0,432.59199955252694,431.8354398408351,433.95449342214926,432.83280299330454
1.520000000000001,0.0218967206421,-0.0338518904195,12.6693148945,6.24874200795,0.0022684812884,0.0,0.0173115186509,-0.159263260694,3.43857167735,-0.0565142237703,0.0292377209106,0.0,441.82368326751293,442.42992285222385,444.08232754109207,442.45492725188035
1.540000000000001,0.0222372783625,-0.0371232330478,12.7386222273,6.24764370764,0.00287878605248,0.0,0.0167442533891,-0.167871002134,3.49216159863,-0.0645122446174,0.0363861956938,0.0,464.7928726804009,466.4708228658845,468.1929783797874,466.32037177388696
1.560000000000001,0.0225661327129,-0.0405550613042,12.8085958887,6.24638318258,0.00361419715219,0.0,0.0161411816466,-0.175311823506,3.50520453845,-0.0722219571204,0.0324651790309,0.0,429.1974756148338,428.19856479622825,430.50764654170706,428.5428244924157
1.580000000000001,0.0228811117,-0.0441411302448,12.8789059739,6.24494816717,0.00426350328163,0.0,0.015356717064,-0.183295070553,3.52580398043,-0.0678805909455,0.032393781201,0.0,436.6991110285028,436.68165957384656,435.72109180329,436.8044840594036
1.600000000000001,0.0231779196132,-0.0478995940769,12.9498793443,6.24360279174,0.00493242040545,0.0,0.0143240742596,-0.19255131266,3.57153306423,-0.0629335954885,0.038880922297,0.0,458.85156252287015,460.3943601115063,459.7044136147672,460.8756628733201
1.620000000000001,0.0234522354021,-0.0518481981876,13.021811597,6.2423444355,0.00571710794166,0.0,0.0131075046336,-0.202309098413,3.62169220045,-0.0621390144324,0.0426409994947,0.0,463.3682333642724,464.25486973189567,464.5937080078607,464.7778962635718
1.640000000000001,0.0237006950249,-0.0559921278932,13.0946751655,6.24112947568,0.00657711022663,0.0,0.0117384576476,-0.212083872144,3.66466465864,-0.0546797302492,0.0464310641585,0.0,457.6987258085201,458.60372393599323,457.1533064772428,458.9303763941192
1.660000000000001,0.0239179006739,-0.0603460544195,13.168673576,6.24005251557,0.00763438596904,0.0,0.00998210725053,-0.223308780486,3.73517638853,-0.0604476591858,0.0303902126077,0.0,484.71271896933223,481.0836265159822,483.25719978275805,481.9493311112783
1.680000000000001,0.0241025388677,-0.0648969510268,13.2433776735,6.23885060789,0.00824631568048,0.0,0.00848171212312,-0.231780880249,3.73523335925,-0.0566938616072,0.0275177713852,0.0,418.2235262925048,417.4726041868836,417.91875887563975,418.89641218197687
1.700000000000001,0.0242567073536,-0.0696156702649,13.3179930849,6.23772514568,0.00880217618949,0.0,0.00693513647115,-0.240091043554,3.72630777654,-0.0525914183155,0.0241996148791,0.0,408.68408640071357,407.7960505037693,409.4151245483675,410.50627588883293
1.720000000000001,0.0243749878383,-0.0745229113761,13.3928741088,6.23669363368,0.0092886465532,0.0,0.00489291200292,-0.250633067567,3.76179462268,-0.0462170375486,0.0264258521243,0.0,451.8632520307962,452.40142644953744,451.0953159266343,452.63524288742275
1.740000000000001,0.0244521128241,-0.0796392965439,13.46837686,6.23581379788,0.0098284834978,0.0,0.00281958657443,-0.261005449218,3.78848048895,-0.0367825311554,0.0216677217955,0.0,444.47796349868287,443.3066543650678,443.1012340562199,445.4208312293392
1.7600000000000011,0.024481005764,-0.0849918856823,13.5449783696,6.23508817508,0.0102646108705,0.0,6.97074154001e-05,-0.27425346462,3.87167047191,-0.0412608851988,0.0193127539528,0.0,495.4282099499626,494.90842110986546,494.13652312584213,493.1446110163959
1.7800000000000011,0.0244573002824,-0.0905945165291,13.6228914248,6.23427558765,0.010690621934,0.0,-0.00244025557587,-0.286009620056,3.91963505411,-0.0462868710693,0.0282297023606,0.0,463.71898192693055,465.8156709490669,464.5539819726931,463.36928594630257
1.8000000000000012,0.0243838961973,-0.0964272079114,13.7016196124,6.23335952841,0.0112561754735,0.0,-0.00490015293275,-0.297259518172,3.95318370394,-0.0506864589375,0.0268444281394,0.0,451.1028044377298,450.7672732559727,452.8067857722744,451.74244637753173
1.8200000000000012,0.0242631461532,-0.102473056102,13.7807389059,6.23237185087,0.0118005519797,0.0,-0.00717485147846,-0.307325300884,3.9587456435,-0.0579047179472,0.0229745590468,0.0,425.35692538611767,424.36165048271437,426.6361631888463,424.78131262953775
1.8400000000000012,0.0240886258466,-0.108753105313,13.8605766697,6.23123900327,0.0122636905321,0.0,-0.0102771791806,-0.320679620234,4.02503073463,-0.0650105972005,0.0256754372019,0.0,480.97016266050724,481.5834619986299,481.8102169076719,480.1936840827453
1.8600000000000012,0.0238524304414,-0.11529649356,13.9416106169,6.22994876253,0.0127906163878,0.0,-0.0133423613392,-0.333659204487,4.07836398759,-0.0694762905067,0.0308556132061,0.0,469.48970272532654,470.6940742303163,470.9779902756339,469.93775652078
1.8800000000000012,0.023557785533,-0.122085347229,14.0233854491,6.22856745599,0.0134307114502,0.0,-0.0161221295027,-0.345226162379,4.09911922896,-0.0654218442513,0.0376354064517,0.0,439.6136286268729,441.29621852391597,440.84545853336675,441.8457480232372
1.9000000000000012,0.0232000872176,-0.129133200668,14.1060262541,6.22727999598,0.0141851228936,0.0,-0.0196477020346,-0.359559181496,4.16496127603,-0.0718990165261,0.0357897009393,0.0,481.0249499949019,480.60598485809044,483.48495419859967,482.0158381051062
1.9200000000000013,0.0227718476634,-0.136463410935,14.1898464265,6.22584766211,0.0149098393635,0.0,-0.0231762533903,-0.373461845198,4.21705596201,-0.0685385231232,0.0315653782523,0.0,469.8875065672161,468.9044616827533,470.7057037838301,471.48163359154023
1.9400000000000013,0.0222698606384,-0.1440805159,14.2748002666,6.22447847591,0.0156456695089,0.0,-0.0270224491133,-0.388248651381,4.27832805179,-0.0667584898771,0.0171069841244,0.0,481.06115549939847,477.76546914476467,477.7966926415397,478.20048906115795
1.9600000000000013,0.0216836776388,-0.152017039523,14.3613221957,6.22317004145,0.0162006846526,0.0,-0.0315958508388,-0.405403710847,4.37386485586,-0.0740708543984,0.0377407167588,0.0,505.4582382664636,509.8998869832561,509.3073516993139,507.73313517849283
1.9800000000000013,0.0210188192314,-0.160247125879,14.4488665486,6.22172348386,0.016960648387,0.0,-0.0348899899002,-0.417604924816,4.38057043211,-0.0824206451614,0.0345315426704,0.0,430.3533977761438,429.53835597283813,430.9750095062986,428.84783744530995
2.0000000000000013,0.020279949844,-0.168748016403,14.5369321928,6.22010257328,0.0176580789255,0.0,-0.0389969488437,-0.432484127581,4.42599399463,-0.0898371571113,0.0308438102709,0.0,465.74880439380604,464.88309823179424,467.612670476451,465.8708970976351
2.0200000000000014,0.0194611512934,-0.177536496257,14.625685732,6.21831228446,0.0182802384019,0.0,-0.0428829062187,-0.446363857754,4.44935991728,-0.0862442972155,0.0340944320608,0.0,445.40136199203334,446.19859641067984,446.29842009262524,447.17069664061205
2.0400000000000014,0.0185657876972,-0.186597560786,14.7147686203,6.21670315922,0.01896795634,0.0,-0.0466534533942,-0.459742595173,4.45892891934,-0.101460124487,0.0375089003572,0.0,432.64192496122297,433.50412823385074,435.6833131333701,431.843140999344
2.0600000000000014,0.0175861946458,-0.195955433803,14.8044318983,6.21479116696,0.0197499922712,0.0,-0.0513058517482,-0.476044706554,4.50739887408,-0.116770920264,0.0295266796048,0.0,470.4260663633746,468.56853731893574,471.196644009639,467.6236058899151
2.0800000000000014,0.0165259090633,-0.205594648332,14.8943433205,6.21249629935,0.0203573437403,0.0,-0.0547227065024,-0.487876746303,4.48374334482,-0.107765278782,0.0237270456493,0.0,401.8216545444402,400.24141010822103,399.3292495693104,401.7727095459266
2.1000000000000014,0.0153802365513,-0.215529970116,14.9845652112,6.21037640132,0.0208782392362,0.0,-0.0598445447032,-0.505655432147,4.53844573115,-0.116180449548,0.0333556055553,0.0,473.4479044890509,475.66537699161086,476.8917558141827,474.9499384597669
2.1200000000000014,0.0141314603349,-0.22582394946,15.0758500403,6.20806833111,0.0215592924264,0.0,-0.0650330769324,-0.5237425022,4.59003717654,-0.110605723843,0.0386359614266,0.0,472.8298914885954,474.04919198652,471.8777685160241,473.1559730274988
2.1400000000000015,0.0127794066234,-0.236477787575,15.1680651945,6.20585806785,0.0224374678811,0.0,-0.0701722942197,-0.541641309345,4.63147824409,-0.108681556234,0.0531587866464,0.0,463.1746769797215,466.5895788446063,463.7137699319113,464.15679664225877
2.1600000000000015,0.0113210875653,-0.247499636293,15.2611703985,6.20374959589,0.0236539516007,0.0,-0.0756596115924,-0.560543562429,4.67904215329,-0.120097261665,0.0706692399016,0.0,469.7388504733731,473.797050814561,470.0904054978045,467.41906976859053
2.1800000000000015,0.00975087316072,-0.258901903351,15.3551916194,6.20135943462,0.0250710263253,0.0,-0.0813618288617,-0.579683143414,4.72307994024,-0.124951943178,0.0679526513905,0.0,468.64546386227784,468.0150491165138,467.388480979771,466.2396457130437
2.2000000000000015,0.0080812180125,-0.27063397086,15.4493768697,6.19886262667,0.0264404638696,0.0,-0.0856036859603,-0.593523607418,4.6954450921,-0.127064246313,0.0633953459335,0.0,399.3487642646869,398.103578910608,399.5286735291164,398.9342590818833
2.2200000000000015,0.0063005903023,-0.282722912274,15.5439064467,6.19632254137,0.0277095426627,0.0,-0.0924590850598,-0.615370534022,4.75751260511,-0.125515289742,0.0649262766745,0.0,483.60045368324865,483.9488743860269,483.38439193716647,483.72118803113904
2.2400000000000015,0.00439491439469,-0.295207307905,15.6391250123,6.19381268968,0.0290086645126,0.0,-0.0981085057016,-0.633069029051,4.76434395673,-0.124562297872,0.0638341993978,0.0,434.58928227121896,434.31775711178403,433.4082679861501,433.63375964001176
2.2600000000000016,0.00237484550119,-0.308046946684,15.7344370017,6.19141333376,0.0302964924457,0.0,-0.103898383648,-0.650894848867,4.76685498132,-0.138118849059,0.0685552046124,0.0,429.2753250853348,430.47875485758874,431.7319001431628,428.2715099072094
2.2800000000000016,0.000237878361658,-0.321243431776,15.8297504392,6.1886708426,0.0317049047582,0.0,-0.109798330305,-0.668753660321,4.76448877166,-0.14442532588,0.0771932854541,0.0,424.29273559484244,426.5158273186422,425.949779806841,424.30983037189225
2.3000000000000016,-0.00203174972085,-0.334837879647,15.9253901398,6.18578354661,0.0332579080772,0.0,-0.117164477945,-0.690691126826,4.79948128517,-0.145981297298,0.0729183328453,0.0,460.88067529676823,459.87030177554897,460.9783768252101,460.590642931118
2.3200000000000016,-0.00445371568924,-0.348881864026,16.0217710479,6.18287750979,0.0347618144472,0.0,-0.125032118894,-0.713707311023,4.8386095259,-0.151194573513,0.0824618870103,0.0,464.05324567910844,466.2993612644575,464.86020996684516,463.6139259414849
2.3400000000000016,-0.00701418185422,-0.363328479401,16.1182925785,6.17985381592,0.0364332266262,0.0,-0.131014497605,-0.730954226529,4.81354353427,-0.151823225484,0.0758023917078,0.0,404.2737601706607,402.47558628545016,403.32068091389016,403.12619536087664
2.3600000000000017,-0.00971249712621,-0.378168577954,16.2147303939,6.1768553365,0.0379534977208,0.0,-0.138817029593,-0.753055628735,4.83023800219,-0.143107138457,0.0728961018157,0.0,444.6121928764633,443.90172390700496,443.4435629620865,445.5649617096621
2.3800000000000017,-0.012578306708,-0.393479975843,16.3117157641,6.17399412285,0.0394347390388,0.0,-0.147763928583,-0.778084160139,4.86829902487,-0.141743966201,0.0797253450622,0.0,464.0316354269273,465.64120367645,463.6369118523681,463.9399836002112
2.4000000000000017,-0.0156154154129,-0.409267909306,16.4091811203,6.17115931242,0.0410363191902,0.0,-0.155946941909,-0.800709186143,4.87823659349,-0.141372750627,0.0834865284203,0.0,438.2793830280164,439.22150954597004,438.56623398207114,438.63973712948086
2.4200000000000017,-0.0188083164853,-0.425483722753,16.5065736394,6.16833975246,0.0427418516923,0.0,-0.163343165328,-0.820872158545,4.8610153173,-0.137399075051,0.0750246215749,0.0,413.0503372939972,410.8114213270668,411.82181354966025,412.8548041112779
2.4400000000000017,-0.0221752593248,-0.442169593187,16.6041563252,6.165623437,0.0442423533718,0.0,-0.173351118631,-0.847714884855,4.89725325988,-0.129440929447,0.0751606217375,0.0,462.5864844294013,462.62278731599264,462.98528244960426,464.8435313731573
2.4600000000000017,-0.0257398806407,-0.459382761707,16.7023284863,6.16311248464,0.0457465940136,0.0,-0.183111012953,-0.873601967191,4.91996284942,-0.11696164789,0.0765946419835,0.0,450.351139354858,450.7033725759228,450.5551924565489,453.5573113501425
2.4800000000000018,-0.0295043927597,-0.477122780179,16.800983907,6.16080846055,0.0472914740129,0.0,-0.193340198954,-0.90039988005,4.94557922247,-0.125353175066,0.0816911426624,0.0,453.5919500354543,454.82280817374703,455.40591405871123,453.37556668758424
2.5000000000000018,-0.0335010933702,-0.495466178012,16.9006574107,6.15830642686,0.0489378962059,0.0,-0.206329862094,-0.93393990325,5.02177114428,-0.128524865952,0.0766713140259,0.0,499.555361414712,498.46053116016816,499.6090780390557,498.90236436050156
2.520000000000002,-0.0377280124263,-0.514400490639,17.0011630054,6.15575657031,0.0504713472885,0.0,-0.216362043517,-0.959491359404,5.02878833095,-0.134949936479,0.0764485941485,0.0,437.5433913350783,437.4925044271936,439.2486983168542,437.6316729431212
2.540000000000002,-0.0421461560581,-0.533819428614,17.1015615182,6.15310468068,0.052024805784,0.0,-0.225452319662,-0.982402438083,5.01106294711,-0.125243330076,0.0694505068985,0.0,415.27845588684886,413.437586701437,411.91864166896545,414.4679495086949
2.560000000000002,-0.04679487046,-0.553815850331,17.2024801385,6.15060251342,0.0534305923954,0.0,-0.239419120523,-1.01723973362,5.08079908367,-0.122919824088,0.0752429974451,0.0,493.6241491383966,494.9081195960078,494.7053367420848,495.2058878657323
2.580000000000002,-0.0517355296816,-0.574537531049,17.3049562298,6.14814945254,0.0549371466401,0.0,-0.254646801644,-1.05492833816,5.16681004808,-0.126186505882,0.0734021846617,0.0,509.22675269007465,508.83517622220364,509.2419444035582,508.52877768787613
2.600000000000002,-0.0569362310327,-0.595900448233,17.4082720567,6.14564717774,0.0564063091483,0.0,-0.265423333457,-1.08136338032,5.16477264223,-0.119635885259,0.0719063137125,0.0,431.93668873951066,431.56236587346694,429.72251508400734,431.37039463402334
2.620000000000002,-0.0623621127374,-0.617813386764,17.5116650976,6.14325451717,0.0578453168916,0.0,-0.277164837016,-1.10993047271,5.17453144089,-0.119297857754,0.0705785569246,0.0,442.80485985635926,442.4810166438153,442.5509581768376,442.62147981417877
2.640000000000002,-0.0680289173771,-0.640310088145,17.6153054869,6.1409062546,0.0592665115281,0.0,-0.289515626958,-1.13973966546,5.18950749309,-0.127980552161,0.0661914170809,0.0,447.9501577099917,446.8822136663799,449.19365152598056,447.0632849605355
2.660000000000002,-0.0739486457004,-0.663414835307,17.7192925201,6.13837378455,0.0606066910526,0.0,-0.30245720537,-1.1707350507,5.20919582015,-0.135348183065,0.0719100153178,0.0,451.693657463072,453.07844800776064,453.43058387869814,451.63649555295746
2.680000000000002,-0.0801099381013,-0.687096969811,17.8233431148,6.13566927517,0.0620451079898,0.0,-0.313672034723,-1.19747839969,5.19586365175,-0.133132655059,0.0712517892071,0.0,420.4823644670273,420.31554006706085,421.2571017281822,421.81356232117696
2.700000000000002,-0.0865033344192,-0.711331127461,17.9272081601,6.13303095015,0.0635284393032,0.0,-0.325667597065,-1.22593736531,5.19064088461,-0.140108051636,0.0604540552561,0.0,430.3156007486426,427.5683124826277,429.9907808632043,428.19699140316186
2.720000000000002,-0.0931867414907,-0.736250609241,18.0317019925,6.13027311762,0.0647463094641,0.0,-0.342673110087,-1.26601081265,5.25874234802,-0.130692266655,0.0646466811299,0.0,495.9953122934829,496.9204796172997,494.3984734837724,496.45961546474774
2.740000000000002,-0.10018383689,-0.761909155006,18.1371041474,6.12765927853,0.0660405260642,0.0,-0.35703642986,-1.29984376392,5.28147314413,-0.130803955832,0.0630448213204,0.0,456.7535669719756,456.3730410574556,456.6180710105668,456.5761693921217
2.760000000000002,-0.107450965346,-0.788203039785,18.2426595817,6.12505057195,0.0673246036586,0.0,-0.369676415694,-1.32954471399,5.27407028823,-0.126964023156,0.0562358319659,0.0,429.0618489602783,427.32684358350343,427.8042590011219,428.7678226546034
2.780000000000002,-0.11503718849,-0.815245013072,18.3490010128,6.12259252681,0.0684551162965,0.0,-0.388945898777,-1.37465261471,5.3600728237,-0.139710420302,0.0528311297429,0.0,513.1904279732995,512.466509219502,512.8954623292221,510.1596702400649
2.800000000000002,-0.122964530078,-0.843085333946,18.456377227,6.11979876465,0.0695343153614,0.0,-0.403788259935,-1.40937947265,5.37754859865,-0.140655146191,0.0595507234903,0.0,452.5801434622807,454.20179258186056,453.1539758261137,452.90832962434826
2.820000000000002,-0.131165578768,-0.871566703879,18.5637408717,6.11699885867,0.0708231946299,0.0,-0.416316609142,-1.43875752067,5.35881586594,-0.135517648922,0.0735410629147,0.0,416.8495192858197,420.5046416688635,417.61146264899577,418.93422946896754
2.840000000000002,-0.139653260342,-0.900719342623,18.671197995,6.11428854567,0.0723682691699,0.0,-0.432451548218,-1.47650635372,5.38689646444,-0.135800429906,0.0857273898255,0.0,461.4546969512718,464.3360773611687,463.8443041998206,463.761545850491
2.860000000000002,-0.148465521803,-0.930629288509,18.779193218,6.11157266958,0.0740993594423,0.0,-0.448774597843,-1.51448823483,5.41262583404,-0.135285647903,0.0914793418229,0.0,460.96784628103234,462.3353974041211,461.6478911678564,461.75347380589386
2.880000000000002,-0.157584443369,-0.961250419562,18.8873871328,6.10888216209,0.0759713680186,0.0,-0.463117558794,-1.54762487054,5.40676565026,-0.12977103635,0.100690393854,0.0,431.96791824827136,434.2995925765824,430.64471541878646,432.0246250762856
2.900000000000002,-0.166986997136,-0.9925238568,18.995374101,6.10628688223,0.0779909926944,0.0,-0.477137817882,-1.57971885323,5.39193116476,-0.130301817468,0.104101199852,0.0,423.6848228017455,424.5731074258556,422.94057614958723,422.78701485869647
2.920000000000002,-0.17667693193,-1.02445126321,19.1031042427,6.10368652039,0.0801012824679,0.0,-0.491855661567,-1.61302178739,5.38108300819,-0.133670648524,0.111619946614,0.0,426.7963198238856,428.72741219809944,427.70344417376145,426.82532938208254
2.940000000000002,-0.186714282042,-1.05715876833,19.2112178521,6.10101527901,0.082335763602,0.0,-0.511879349648,-1.65772872533,5.43027793538,-0.131586616597,0.113660633691,0.0,483.8637229927,484.33438163996533,482.69006567314415,483.1468376987247
2.960000000000002,-0.197127883678,-1.09070158408,19.3199585944,6.09841133004,0.0846588242713,0.0,-0.529480813905,-1.6965528489,5.4437962877,-0.124132308341,0.103675845713,0.0,453.3836221006828,450.98139888069244,450.668750409463,452.4574461089929
2.980000000000002,-0.207872628031,-1.12497044063,19.4286689216,6.09593790067,0.0867650105895,0.0,-0.544993621394,-1.73033280653,5.42723643317,-0.128425744912,0.0955926033066,0.0,424.5404200622894,422.4641374434874,423.1891096377755,422.0638537347273
3.000000000000002,-0.21893753467,-1.15993236848,19.537115251,6.09336964656,0.0886772231986,0.0,-0.561497042471,-1.76585997863,5.41739651026,-0.129147949775,0.0964417710913,0.0,429.5677218249654,429.79185586097265,430.03186478979666,429.8325747713439
3.0200000000000022,-0.230351970088,-1.19564329545,19.6455383704,6.0909428502,0.0906569658907,0.0,-0.579946499366,-1.80523271838,5.42491542883,-0.111475223078,0.0863514519419,0.0,447.32644567068365,444.8620533784754,445.2941433171753,449.59603346000404
3.0400000000000023,-0.242153278572,-1.23217564772,19.7542592364,6.08872937378,0.092409930504,0.0,-0.600184349043,-1.84800250816,5.44717116665,-0.105813414395,0.0791492891469,0.0,460.90087937584155,459.19564910995945,461.0932061835785,462.42286649525977
3.0600000000000023,-0.254327600969,-1.26949399511,19.8630464555,6.08661438536,0.0940053225643,0.0,-0.617247890668,-1.88383223076,5.43155074694,-0.107413332924,0.0841305093529,0.0,423.8146200054591,425.10267636050503,425.70879145373755,425.2874591404412
3.0800000000000023,-0.26685996033,-1.30756151555,19.9716639921,6.08448640217,0.0956883028061,0.0,-0.635988045424,-1.92291981356,5.43020291232,-0.101044113718,0.0849908055234,0.0,439.33877690418086,439.55862989009694,437.96922588771656,439.5456019165466
3.1000000000000023,-0.279754031863,-1.34638124379,20.0800854571,6.08246904988,0.0973883033959,0.0,-0.653419107829,-1.95905301091,5.41194358404,-0.0983870563197,0.0843833858017,0.0,422.58626563030236,422.43546589898887,422.3450404177185,423.02273417739156
3.1200000000000023,-0.293029650362,-1.38598824493,20.1884398915,6.08054150495,0.099092415225,0.0,-0.674142742068,-2.00164710219,5.42349985977,-0.107353236749,0.0901182115274,0.0,450.79647800794453,452.190506253603,453.0201811691162,450.84356978312394
3.1400000000000023,-0.306729256356,-1.42646320422,20.2970822966,6.07844574926,0.100899863425,0.0,-0.695817857392,-2.04584882745,5.44074064703,-0.117483296262,0.0933069319436,0.0,456.5433856690169,457.3126957181214,459.09907309364723,456.671220682628
3.1600000000000024,-0.320863086566,-1.46782032859,20.4060369587,6.0761386884,0.102814527091,0.0,-0.717565163605,-2.08986360898,5.4547255675,-0.108252363624,0.0834555332943,0.0,456.2235347158337,453.8643933818625,453.4406206304734,455.64825856676714
3.1800000000000024,-0.335432390891,-1.51005557018,20.5152357736,6.0739764329,0.104492208796,0.0,-0.739365268919,-2.13366055039,5.46515592145,-0.105889408959,0.0875958325505,0.0,451.708790846105,452.71506061884884,451.24105242425895,451.8029472916461
3.2000000000000024,-0.350386561374,-1.55306306862,20.6241317185,6.07187556745,0.10625157789,0.0,-0.756051779302,-2.16708929399,5.42443857388,-0.100071723946,0.0914565173319,0.0,400.2845566804468,401.3446791524899,400.36158586123133,401.93566711728664
3.2200000000000024,-0.365717191909,-1.59682109881,20.7325782422,6.0698767932,0.108103104328,0.0,-0.777011274231,-2.2087137249,5.42021379165,-0.102378333519,0.0847638211916,0.0,438.5236330361892,436.85947570939487,438.5692887118537,437.9852543290689
3.2400000000000024,-0.381465294041,-1.64140516496,20.8408906587,6.06783113346,0.109809288185,0.0,-0.797798939008,-2.24969288988,5.41102785605,-0.100425423858,0.0894344599619,0.0,432.8839510234403,434.06775993406853,432.9505711473152,433.43393613615405
3.2600000000000025,-0.397672178893,-1.68688987637,20.9493702978,6.06582331293,0.111623674136,0.0,-0.822889546198,-2.29877825062,5.43693605546,-0.0992524338163,0.0822655337245,0.0,467.0819875085776,465.40767449551913,467.4167509767909,467.682803784612
3.2800000000000025,-0.414361242683,-1.73331519828,21.0581594817,6.06385759843,0.113270869759,0.0,-0.846016832789,-2.34375394062,5.44198233438,-0.105470822452,0.0842071559777,0.0,448.34723081878474,448.8257450435479,448.00316657052684,446.4750368575493
3.3000000000000025,-0.431486761517,-1.78058777369,21.166795105,6.06175016949,0.115061027702,0.0,-0.866535050615,-2.38350360045,5.42158000113,-0.107464563867,0.0696459181648,0.0,425.3355094797962,421.5831248781656,423.1973620538937,422.67175081995816
3.3200000000000025,-0.44905706235,-1.82871851016,21.2752845532,6.05966574846,0.116464793349,0.0,-0.8904950327,-2.42957004627,5.42736481043,-0.118854932943,0.0743036609466,0.0,449.18007087210435,450.31565679735616,449.70145644986565,446.91434726578905
3.3400000000000025,-0.467070383482,-1.8777009253,21.3835623425,6.05728865984,0.117989469291,0.0,-0.910837080506,-2.46867146817,5.40041412253,-0.11871323265,0.083090323946,0.0,416.0400696748818,418.3468846100133,416.64986398966687,416.6733018487207
3.3600000000000025,-0.485530717171,-1.92754048777,21.491608105,6.05495579526,0.119651410027,0.0,-0.935196288343,-2.51528477861,5.40416213268,-0.109613774403,0.0825721414643,0.0,447.50646309907944,447.38545358200435,446.3572789132503,448.5674392334104
3.3800000000000026,-0.504562928792,-1.97847013412,21.6003856024,6.05276375918,0.121324081041,0.0,-0.96802487378,-2.57767985645,5.47358759943,-0.108921805207,0.0890879967269,0.0,506.00907124273994,507.4191462954932,507.19644861403395,507.3365680604231
3.4000000000000026,-0.524179544485,-2.03050994224,21.7099366906,6.05060128892,0.123110728994,0.0,-0.993636695484,-2.62630095599,5.48152122511,-0.114572617412,0.0859613312277,0.0,452.73245266673047,451.983427062896,454.16274663175153,452.7905306052291
3.4200000000000026,-0.544339182641,-2.08357715794,21.8198572678,6.04831600723,0.124840359085,0.0,-1.02232712016,-2.68042061391,5.51053649169,-0.118085637645,0.0905227929255,0.0,472.40197838161805,473.4617869816289,473.3713313346299,472.5486382809479
3.4400000000000026,-0.565055686927,-2.13769326366,21.9301937554,6.04597411744,0.126664464142,0.0,-1.0493233084,-2.73118995841,5.52311226879,-0.111789136365,0.0852980060678,0.0,459.4241782764104,458.1860505894055,457.2459397127634,458.73656325661597
3.4600000000000026,-0.586246570981,-2.19270167083,22.0402495659,6.04375088851,0.128454718205,0.0,-1.06976509698,-2.76965075841,5.4824687859,-0.116799884179,0.0723138663808,0.0,407.7040379222603,404.2146944157863,406.30931922201904,404.94664299994514
3.4800000000000026,-0.607888957962,-2.24855607854,22.1497902695,6.04142002541,0.129901205264,0.0,-1.09447360117,-2.81579001279,5.47160157134,-0.120004437651,0.0729615250124,0.0,435.46528525568084,435.63197564066763,437.22799145531786,436.41364724849757
3.5000000000000027,-0.630074093928,-2.30542180647,22.259452304,6.03902005205,0.131360684732,0.0,-1.12403999535,-2.87078277976,5.49460187552,-0.119524034024,0.0736671711681,0.0,469.18066065593433,469.34883776205373,468.1887244339654,468.28869062350634
3.5200000000000027,-0.652818184593,-2.36332761549,22.3693101881,6.03662978042,0.132836022758,0.0,-1.15036907121,-2.91979812219,5.49118654135,-0.118877419662,0.0756644703583,0.0,444.91903232672365,445.4136514940254,443.5163911906162,443.66282986608127
3.5400000000000027,-0.676073951043,-2.42218600924,22.4789682868,6.03428413296,0.134354868099,0.0,-1.17520757379,-2.96604125324,5.47462332321,-0.12686502606,0.0789979172349,0.0,431.1751993004095,432.024104066556,432.89108550739365,430.85630406248237
3.5600000000000027,-0.699858439173,-2.48202684919,22.5885020963,6.03174770965,0.13594316368,0.0,-1.2032412392,-3.0180427411,5.47875762548,-0.125540473968,0.0830813561006,0.0,452.0587268169332,453.049846041703,451.7008408151215,452.00686542943754
3.5800000000000027,-0.724209100288,-2.54291707832,22.6981320268,6.02924662818,0.137604802726,0.0,-1.23182487225,-3.07098017228,5.48423542998,-0.129951371228,0.0832357835878,0.0,454.3101373890857,454.3527456324776,454.09879283701105,453.0218248271204
3.6000000000000028,-0.749206912002,-2.60500200321,22.8083725887,6.02664863537,0.139274145999,0.0,-1.26795629918,-3.137512317,5.53982076139,-0.131389854201,0.0862780199099,0.0,499.58284410918765,500.25278455168774,500.208293202691,499.88045960207086
3.6200000000000028,-0.774835394035,-2.66825002791,22.9190575147,6.02402854525,0.141038850587,0.0,-1.29489190417,-3.18729015249,5.52867183365,-0.127463798325,0.0951260920335,0.0,438.18674861100914,440.39458005470095,438.9707418874722,439.93121244719964
3.640000000000003,-0.800901213125,-2.7323096574,23.0288040064,6.02147954942,0.14294544119,0.0,-1.31169000475,-3.21867279629,5.44597733307,-0.128212315481,0.0922734571992,0.0,362.2425506106097,361.39064451534347,362.52729627021506,362.2826583646487
3.660000000000003,-0.827402669542,-2.79717532124,23.1375488764,6.01891856772,0.144796449553,0.0,-1.338455637,-3.26789358835,5.42850967261,-0.130767547522,0.0956018856701,0.0,432.20351669905097,433.05188815257173,433.3691331587322,432.70866185035754
3.680000000000003,-0.854447946078,-2.86303937815,23.2459757101,6.01631163684,0.146708488521,0.0,-1.36607201658,-3.31851210228,5.4141736926,-0.12666387315,0.0955517769032,0.0,436.056223462506,436.0516354416663,435.8816445291687,436.89349261067065
3.700000000000003,-0.882038603301,-2.92990201693,23.3540445285,6.0137870244,0.148630309061,0.0,-1.39299370575,-3.36775177543,5.39270815379,-0.122500935145,0.100196128732,0.0,429.49424461600375,430.6826999647641,428.07638945987065,429.12279546550263
3.720000000000003,-0.91023509159,-2.99786779137,23.4620931298,6.01134548218,0.15064420545,0.0,-1.42665512309,-3.42882566923,5.41215197295,-0.118383537596,0.0957298519931,0.0,469.55680443708457,468.52409421949653,469.04621056045767,469.99201996961835
3.740000000000003,-0.939038244781,-3.06693489891,23.5700768216,6.0089778198,0.152558805239,0.0,-1.45366019601,-3.47788508433,5.38621720382,-0.118512923134,0.0958039986704,0.0,425.97822523996,426.0054895590959,425.4946533390066,425.44813751131005
3.760000000000003,-0.96842191176,-3.13705280043,23.6777713038,6.00660776307,0.154485711403,0.0,-1.48470650193,-3.5339050678,5.38323101751,-0.117877723088,0.100457210594,0.0,448.14274219329616,449.2839634161796,448.88644577158044,449.02862653561783
3.780000000000003,-0.998386392028,-3.20821891515,23.7851317614,6.00425284677,0.156500471213,0.0,-1.51174152488,-3.58270640457,5.35281474295,-0.11558069959,0.103808508229,0.0,421.36890212068477,422.2466613602468,421.37053758264017,421.95270073974166
3.800000000000003,-1.02893529282,-3.28043557772,23.8921267093,6.00194918137,0.158608356768,0.0,-1.54314855411,-3.6389598523,5.34668005052,-0.11956782779,0.095844163799,0.0,447.43641422026695,445.49589675941365,446.7497555910162,445.761280356313
3.820000000000003,-1.0601213773,-3.3537905276,23.9990255775,5.99955956779,0.160527951641,0.0,-1.57545989372,-3.69653513592,5.34320676943,-0.117700761429,0.0935153885191,0.0,449.9266567354166,449.3682648812024,448.95066134162084,449.39229937837075
3.840000000000003,-1.09189929669,-3.42820131882,24.1055068879,5.99728233021,0.162400290677,0.0,-1.60233204531,-3.74454398541,5.30492427227,-0.130092505086,0.0955309604714,0.0,414.2111275325295,414.750770718769,416.24686385252033,412.96633433521566
3.860000000000003,-1.12429128209,-3.50370291958,24.2116507786,5.99474631674,0.164310937616,0.0,-1.63686649515,-3.80561609102,5.30946479613,-0.141567402103,0.0957664607345,0.0,458.21613564902276,458.2797739085471,458.5611502187593,455.80272275492007
3.880000000000003,-1.15735601932,-3.58039381077,24.317755621,5.99191531511,0.166241823336,0.0,-1.66960722767,-3.86347302727,5.30101944632,-0.140735042659,0.0901885570118,0.0,446.02900920211425,444.6677718367514,445.94091343468176,446.12631521718254
3.900000000000003,-1.19105595753,-3.65820749429,24.4235548909,5.98910642683,0.168051478469,0.0,-1.70038659315,-3.91789532546,5.27890753488,-0.144144610297,0.0867581072358,0.0,432.1935856566876,431.33218489045726,433.64231384076027,432.76302385714746
3.920000000000003,-1.22532445377,-3.73702895401,24.5286250794,5.98622354107,0.169787553145,0.0,-1.72646303112,-3.96425064633,5.22811132041,-0.144258098567,0.0881090561268,0.0,402.5525438048321,402.9262871531591,402.34141370336715,402.288791839495
3.940000000000003,-1.26027251668,-3.81704740029,24.6335433896,5.98334179946,0.171559203731,0.0,-1.76834325944,-4.03759398183,5.26371969709,-0.141642619528,0.0924609437942,0.0,487.3578276796141,488.3385482099822,488.07067182465795,488.638672186305
3.960000000000003,-1.29607934343,-3.89856851794,24.7392630496,5.98052660329,0.173423268884,0.0,-1.81233941576,-4.11451778252,5.30824630774,-0.147585047052,0.0979100313345,0.0,497.0663013807044,498.26926854382566,497.2265516647608,495.902168590342
3.980000000000003,-1.33267014088,-3.98146401997,24.8453208684,5.9776013932,0.175387032783,0.0,-1.84674032906,-4.17503242122,5.29753556716,-0.14030619493,0.101245678869,0.0,445.6789160826626,446.50442964540645,446.0625194710031,447.82237936777875
4.000000000000003,-1.36988113789,-4.06545405382,24.9507755369,5.97479526931,0.177474840438,0.0,-1.87435937259,-4.22397096314,5.24793128702,-0.140300989365,0.0900301470713,0.0,407.8485845330467,404.8414090582141,407.0339342920268,407.0150540076936
4.020000000000002,-1.40771406286,-4.15053973254,25.0555875786,5.97199871818,0.179276455244,0.0,-1.90893312458,-4.28459690966,5.23327287761,-0.135949287473,0.0886075680429,0.0,442.93821243324965,442.5938271114292,443.0270975680861,444.08116613111196
4.040000000000002,-1.44625981546,-4.23687377073,25.1601971824,5.96929334619,0.181050100509,0.0,-1.94564213456,-4.34880690869,5.22768750955,-0.130731287879,0.0903360952875,0.0,451.69393267170517,452.11841315996867,452.74756453593983,453.98892995880385
4.060000000000001,-1.48562684852,-4.32463859451,25.2651256748,5.96669564502,0.182856893529,0.0,-1.99106117167,-4.42767546907,5.26516172663,-0.136549292935,0.0907132291746,0.0,493.38299171844267,493.47247495978826,494.578686651224,493.2774143058475
4.080000000000001,-1.5258963651,-4.41396994772,25.3707465097,5.96402797365,0.184683409224,0.0,-2.03589048676,-4.50545985253,5.2969217642,-0.12529633869,0.0956632011181,0.0,488.801603398284,489.91329833275023,488.6284622645758,491.1239152180317
4.1000000000000005,-1.56688096595,-4.50455135576,25.4760536942,5.96152301973,0.186596853695,0.0,-2.06256959848,-4.55268095129,5.23379668476,-0.126691218948,0.0962639477906,0.0,394.8250451920672,395.00038373757764,395.7254532950328,395.3235371976612
4.12,-1.60863281884,-4.59646796135,25.5812562064,5.95899024154,0.188538019099,0.0,-2.11261569002,-4.6389796079,5.28645453348,-0.125244711242,0.101900693106,0.0,508.7903877225577,510.00647180115914,509.01732009656683,509.3154466008228
4.14,-1.6512352259,-4.68985781292,25.686735175,5.95650871902,0.190576882271,0.0,-2.14762501643,-4.70000554901,5.26144233147,-0.132081626765,0.100597382066,0.0,437.4993602553041,437.18279107940907,438.30451538101204,436.5815567410918
4.159999999999999,-1.69455740185,-4.78449950599,25.791788474,5.95389156418,0.192658243255,0.0,-2.18459257838,-4.76416375779,5.24388756686,-0.139078439033,0.0888149084413,0.0,446.9954227508964,444.1135275927255,446.01458915489206,444.28048460750836
4.179999999999999,-1.73866130289,-4.88049338464,25.8966734553,5.95111540769,0.194444641602,0.0,-2.22579752588,-4.83522410708,5.24461055715,-0.142368513902,0.0843204277618,0.0,464.8224265681178,463.77051555176297,463.8673435308299,463.07432456775007
4.199999999999998,-1.78360949839,-4.97794181003,26.0016479211,5.9482690604,0.19616844023,0.0,-2.26902202368,-4.90961843184,5.25283603184,-0.143798887941,0.0929679791449,0.0,469.9553313716014,471.9677324028169,472.92345891720237,472.5751826942528
4.219999999999998,-1.82933996275,-5.07674237671,26.1063741477,5.94541909363,0.198027826443,0.0,-2.30402441229,-4.97043823624,5.21978661978,-0.151011514091,0.0927371940439,0.0,430.7013150489545,430.6503383154911,433.7879303963452,431.9466440451652
4.2399999999999975,-1.87586036749,-5.17690779813,26.210843146,5.94240413991,0.199887391632,0.0,-2.34801606152,-5.04610390632,5.22711320924,-0.147762956995,0.0896319378452,0.0,472.945403429522,472.2338758521293,471.63244493543067,472.3647487182582
4.259999999999997,-1.92314793555,-5.27840077219,26.3149113108,5.93944958365,0.20168524286,0.0,-2.38074074434,-5.10319349933,5.17970327752,-0.148948607458,0.0864031699914,0.0,418.27454039391995,417.43714877810004,418.14368842739253,417.811617999943
4.279999999999997,-1.97115165855,-5.38113758922,26.4182983428,5.93649153333,0.203416202539,0.0,-2.41963155641,-5.17048820362,5.1589999167,-0.14247994056,0.0839963966427,0.0,445.48941183651885,444.9046211278952,445.9879056057641,447.5498642674569
4.299999999999996,-2.01990275611,-5.48517071695,26.5211135535,5.93364294455,0.205097295933,0.0,-2.45547819921,-5.23282456954,5.12252115979,-0.143901228468,0.082469661016,0.0,430.0386415723207,429.6564172197997,431.0027752843522,430.6225268342405
4.319999999999996,-2.06937421152,-5.5904568097,26.6231977372,5.93077546535,0.206747767178,0.0,-2.49166734208,-5.29578470485,5.08589720924,-0.148493695292,0.0839380102537,0.0,430.96933664300485,431.34735903147356,430.53165575947077,429.3439280878724
4.339999999999995,-2.11957891145,-5.69701840746,26.7245751314,5.92784327682,0.20843109795,0.0,-2.52880265107,-5.36037507115,5.05184221087,-0.139812062595,0.0869614412614,0.0,433.96238372635173,434.72922067080395,431.814055944848,433.9849086956448
4.359999999999995,-2.17057786426,-5.80495735044,26.8254827717,5.92513522891,0.210170340152,0.0,-2.57109262905,-5.4335192273,5.03892181519,-0.126530997923,0.0867978799894,0.0,455.39307855282476,455.35987075024207,454.2697074183399,457.4367425768286
4.379999999999995,-2.22242403141,-5.91436168385,26.926118789,5.92263653815,0.211918561755,0.0,-2.61352408674,-5.50691411331,5.02467991966,-0.134522142945,0.0818453042242,0.0,456.0831493249228,454.90065614318485,455.54595751591063,453.61019177967904
4.399999999999994,-2.27514842948,-6.02528229858,27.0265795147,5.91996746638,0.213615234607,0.0,-2.65891571982,-5.58514735982,5.0213926524,-0.141059892519,0.0709121648801,0.0,467.8839238655355,465.3277847439943,467.2674685633461,465.7198063160302
4.419999999999994,-2.32867806516,-6.13759981233,27.1265125786,5.91719427322,0.215037250446,0.0,-2.69404784833,-5.64660401582,4.971913728,-0.150858330362,0.0681653337517,0.0,420.5602522567171,419.84985070041233,421.1525073236032,418.5816707253322
4.439999999999993,-2.38297492804,-6.25125361904,27.225718413,5.91417714105,0.21643184807,0.0,-2.73563843972,-5.71877665511,4.94866971196,-0.151120793603,0.0602544615152,0.0,448.16455293158594,446.2343402343401,448.51823342315436,448.4330704341943
4.459999999999993,-2.43814196486,-6.36641566303,27.3246063313,5.91115634643,0.217660910456,0.0,-2.78106524246,-5.79742774398,4.94012211781,-0.149320102157,0.0533301341069,0.0,463.5922006657438,461.95906793277265,463.48866470288965,463.89269578257165
4.479999999999992,-2.49427750909,-6.48325178989,27.4235604134,5.90817789661,0.218814461545,0.0,-2.83248917981,-5.88618494168,4.95528610168,-0.145332062423,0.0665171282484,0.0,486.3231894655717,489.2797204584619,485.597461989266,486.4754943890929
4.499999999999992,-2.55146540474,-6.60190526431,27.5229012581,5.90527985177,0.220159147754,0.0,-2.88630038545,-5.97916249991,4.97879836103,-0.141185641965,0.0611610766346,0.0,496.2400343575476,495.0616516066049,495.6756126941989,496.5718149852972
4.519999999999992,-2.60968042771,-6.72233938195,27.6224896104,5.90245822589,0.221413595443,0.0,-2.93520191164,-6.06424926446,4.9800368761,-0.139142621212,0.069063754163,0.0,475.3885566555452,477.20459002337,475.91692778593745,476.36885613982264
4.539999999999991,-2.66879524432,-6.84434823777,27.7217637403,5.89968357502,0.222828632452,0.0,-2.97627974911,-6.13663631794,4.94737610521,-0.143192694758,0.0608464643643,0.0,444.1968467241562,442.1736583493529,444.2187838702745,443.20300843103007
4.559999999999991,-2.72876740813,-6.96786540898,27.8205160047,5.89682603669,0.224048401989,0.0,-3.02093663167,-6.2150808022,4.92785034176,-0.146746725269,0.058463084853,0.0,458.17648001172995,457.61001824941417,457.4379761124486,456.56937831539165
4.57999999999999,-2.78966323045,-7.09300420066,27.9189871434,5.89389494586,0.22535045244,0.0,-3.0686456008,-6.29879836644,4.91926352661,-0.149519331869,0.0747596338446,0.0,467.94139965962114,471.73503990310286,468.7292401333364,468.063231159335
4.59999999999999,-2.85144913147,-7.21971340125,28.0170116702,5.89096795582,0.226846729755,0.0,-3.10994450081,-6.3721216924,4.88318914774,-0.138259083414,0.0762324797806,0.0,442.15981763910474,442.52819560687163,440.9028893993083,443.6648114894942
4.6199999999999894,-2.9142219959,-7.34815716535,28.1149436029,5.8882126228,0.228376476909,0.0,-3.16734194264,-6.47225471759,4.91000413107,-0.142697247384,0.0794254591469,0.0,504.17035834283496,504.8659627424494,504.54041742742317,503.5627328151832
4.639999999999989,-2.97799276383,-7.47835630371,28.212795181,5.88535868459,0.229966136997,0.0,-3.20973485011,-6.54765911809,4.87515367474,-0.14258111764,0.0809426308822,0.0,445.6215330951355,445.99858019316713,445.77094441713166,445.78050916886923
4.659999999999989,-3.04263023316,-7.61009589461,28.3100076312,5.88251237317,0.231587159987,0.0,-3.25401208345,-6.62629997183,4.84609134781,-0.13932199774,0.0830260762917,0.0,452.5311485546754,453.0392944966007,451.7011878965166,452.4706653734941
4.679999999999988,-3.10814375624,-7.74339369988,28.4065847424,5.87976413593,0.233251631525,0.0,-3.29734022451,-6.70348055552,4.81161976556,-0.148063017469,0.0802153778822,0.0,448.5376673958841,447.8576952502667,448.1672315201005,446.01215238916376
4.699999999999988,-3.17458383025,-7.878335116,28.502687828,5.87680429033,0.234865309012,0.0,-3.34666717594,-6.7906610568,4.79868880204,-0.146380906259,0.0845443336258,0.0,468.64346870593914,469.6569139023202,470.98323152975127,471.35428092417123
4.719999999999987,-3.24196704807,-8.01494977778,28.5983472875,5.8738894031,0.23656732061,0.0,-3.39165460603,-6.87080512135,4.76725714043,-0.141334937682,0.0798273588589,0.0,452.83267271273144,451.6982848863852,452.3010748424169,453.49936778124396
4.739999999999987,-3.31027163412,-8.15320405516,28.6934429201,5.87106434503,0.238168950636,0.0,-3.43880399897,-6.95462261668,4.7423061248,-0.143146391536,0.0830157279545,0.0,459.23522040422256,459.99841172848977,460.65569683965765,460.2078050105097
4.7599999999999865,-3.37945053567,-8.29302261893,28.7877630929,5.86822361052,0.239872018376,0.0,-3.47908615636,-7.02723376027,4.68971115764,-0.136484061588,0.0737687629189,0.0,433.25916736264185,430.9255634115733,431.11411659480325,432.78045459876296
4.779999999999986,-3.44954680868,-8.43447866433,28.8814337843,5.86549937179,0.241431115596,0.0,-3.53054114483,-7.11837077931,4.67735797473,-0.133184819763,0.060828750478,0.0,474.9977894835378,472.01437504368675,474.2790914297069,475.0229807135907
4.799999999999986,-3.52064699091,-8.57771721178,28.9747459793,5.86283675637,0.242651117758,0.0,-3.57947707791,-7.20548396551,4.65386153288,-0.13465517486,0.0634468232361,0.0,463.37163399147636,463.991309175621,464.684021045377,464.3225116218584
4.819999999999985,-3.59263239153,-8.72254617911,29.0672287582,5.8601441083,0.243923968854,0.0,-3.61906298433,-7.27741276814,4.59441635503,-0.13560956433,0.0606487412561,0.0,426.94712283114484,426.2331938619798,427.99905135827686,427.73771766608405
4.839999999999985,-3.66542912458,-8.86884820014,29.1585817929,5.85744625765,0.24515966407,0.0,-3.6606103203,-7.35278933418,4.54088710841,-0.140965055193,0.0539077634498,0.0,434.6296826137267,432.9335971603754,435.09416361739056,433.72903579262214
4.859999999999984,-3.73917414193,-9.0168537194,29.2492784185,5.85473495871,0.246241088569,0.0,-3.71389141481,-7.44776259218,4.52877545265,-0.12626796981,0.0564648047986,0.0,477.4811099324421,478.0678462739505,475.34089446427214,478.69185755824446
4.879999999999984,-3.81383796249,-9.16651900226,29.3391869299,5.85220961128,0.247389288822,0.0,-3.75249064089,-7.51876569357,4.46207568796,-0.126422684975,0.0626136513697,0.0,420.9708062401846,422.5669021274357,421.01277166363303,420.9571027717189
4.8999999999999835,-3.88938767004,-9.31779508664,29.4281594891,5.84968116738,0.248645919381,0.0,-3.802480114,-7.60884274443,4.43518023262,-0.126282705177,0.0596615228915,0.0,464.5537122052259,463.86117655794806,464.05254666103133,464.07170212275514
4.919999999999983,-3.96588968447,-9.47079631669,29.5164095357,5.84725207276,0.249839561402,0.0,-3.84772132982,-7.69128026022,4.38982442749,-0.112385979995,0.0605687859916,0.0,445.49225673849594,445.71732095539096,444.6354553733424,448.0246318569961
4.939999999999983,-4.04336342136,-9.62555923745,29.6039767813,5.84507867175,0.251052132622,0.0,-3.89965235893,-7.78501181586,4.36690013817,-0.124577664865,0.0621150721908,0.0,469.7696336430857,470.13169364324096,471.20305168464523,468.3556827409691
4.959999999999982,-4.12186373679,-9.782178742,29.6910283027,5.84263662539,0.252294583965,0.0,-3.95037918356,-7.87693863902,4.33825200302,-0.114627093382,0.0626626110943,0.0,464.760381690975,464.8917359461536,464.23656294503303,466.5604622424805
4.979999999999982,-4.20135183624,-9.94059473878,29.7773981723,5.84036579918,0.2535682938,0.0,-3.99843076153,-7.96466103946,4.29873495144,-0.121217336886,0.0690591121029,0.0,453.8284649851547,455.36935271757665,456.0544847180918,454.4606658050271
4.999999999999981,-4.28180495263,-10.1007737178,29.8629773049,5.83794179177,0.25494979851,0.0,-4.04688087767,-8.05323685978,4.25917831415,-0.120393531851,0.0682560326305,0.0,456.18423828061924,455.9952306856773,455.3024845869675,455.48735673532246
5.019999999999981,-4.36337808782,-10.262975646,29.948273148,5.83555663928,0.256335636016,0.0,-4.11043264116,-8.16695595958,4.27040598775,-0.113652886305,0.0746929345674,0.0,506.19543694825876,507.58642853437226,506.1127504555786,507.55541626246065
